0	90,62010847	124,3799349	55,06395761	47,33268555	187,9057912	60,88615999	76,32388493	165,0023576	40,55390684	59,62335529	40,66317054	79,89328531	107,1366932	83,29915707	181,9900326	50,29520021	79,18384399	63,7969012	188,6005432	63,49443205	95,76637661	25,81469679	95,79714647	160,1699393	126,7536553	128,8368824	137,5588997	99,6847345	119,0208306
90,62010847	0	74,53056735	36,88568374	137,952794	138,0564236	34,26253997	14,29622354	74,38224916	46,26772331	150,2434638	96,53481716	10,72682316	16,51658472	14,28978948	91,36992409	41,65444114	49,88070254	154,4170097	138,7511756	16,41910417	45,91700902	64,80541167	5,177038	110,3205717	36,13354678	78,98751476	87,70953206	49,83536692	28,40072209
124,3799349	74,53056735	0	70,64551021	171,7126205	63,52585627	68,02236644	60,23434381	148,9128165	80,02754977	184,0032902	130,2946436	63,80374419	91,04715206	67,20961595	165,9004914	75,4142676	60,25206959	188,1768361	64,22060824	69,33893064	58,38326577	98,56523814	79,70760535	35,79000432	110,6641141	58,49261573	18,10939632	29,34046788	102,9312894
55,06395761	36,88568374	70,64551021	0	102,3966432	134,1713665	7,15173526	22,5894602	111,2679329	10,71157245	114,6873129	60,9786663	26,15886058	53,40226846	10,55978912	128,2556078	4,7687574	25,44941926	118,8608588	134,8661185	8,43047444	42,03195188	29,24926082	42,06272174	106,4355145	73,01923052	75,10245762	83,82447492	45,95030978	65,28640583
47,33268555	137,952794	171,7126205	102,3966432	0	235,2384768	108,2188456	123,6565705	212,3350432	87,88659239	29,64652934	87,9958561	127,2259709	154,4693787	130,6318426	229,3227181	97,62788576	126,5165296	19,16663329	235,9332287	110,8271176	143,0990622	73,14738235	143,129832	207,5026248	174,0863408	176,1695679	184,8915852	147,0174201	166,3535161
187,9057912	138,0564236	63,52585627	134,1713665	235,2384768	0	131,5482227	123,7602001	212,4386728	143,553406	247,5291465	193,8204999	127,3296005	154,5730083	130,7354722	229,4263477	138,9401239	123,7779259	210,4801181	22,86245531	132,8647869	121,909122	162,0910944	143,2334616	27,73585194	174,1899704	101,8024561	62,14262049	92,86632415	166,4571457
60,88615999	34,26253997	68,02236644	7,15173526	108,2188456	131,5482227	0	19,96631643	108,6447891	16,53377483	120,5095153	66,80086869	23,53571681	50,77912469	26,94158857	125,6324641	11,92049266	19,21266745	124,6830612	132,2429747	12,75735533	39,40880811	35,0714632	39,43957797	103,8123708	70,39608675	72,47931385	81,20133115	43,32716601	62,66326206
76,32388493	14,29622354	60,23434381	22,5894602	123,6565705	123,7602001	19,96631643	0	88,67847269	31,97149977	135,9472402	82,23859362	3,56940038	30,81280826	6,97527214	105,6661476	27,3582176	35,584479	140,1207861	124,4549521	9,10458683	31,62078548	50,50918814	19,47326154	96,02434813	50,42977032	64,69129122	73,41330852	35,53914338	42,69694563
165,0023576	74,38224916	148,9128165	111,2679329	212,3350432	212,4386728	108,6447891	88,67847269	0	120,6499725	224,6257129	170,9170663	85,10907232	58,67644035	88,67203864	87,13232506	116,0366903	124,2629517	228,7992588	213,1334247	90,80135332	120,2992582	139,1876608	71,36852904	184,7028208	78,29340241	153,3697639	162,0917812	124,2176161	45,98152707
40,55390684	46,26772331	80,02754977	10,71157245	87,88659239	143,553406	16,53377483	31,97149977	120,6499725	0	100,1772621	47,62525634	35,54090015	62,78430803	38,94677191	137,6376474	5,94281505	34,83145883	104,350808	144,248158	19,14204689	51,41399145	14,73921005	51,44476131	115,8175541	82,40127009	84,48449719	93,20651448	55,33234934	74,6684454
59,62335529	150,2434638	184,0032902	114,6873129	29,64652934	247,5291465	120,5095153	135,9472402	224,6257129	100,1772621	0	100,2865258	139,5166406	166,7600485	142,9225124	241,6133879	109,9185555	138,8071993	46,11074499	248,2238985	123,1177873	155,3897319	85,43805208	155,4205018	219,7932946	186,3770105	188,4602376	197,1822549	159,3080898	178,6441859
40,66317054	96,53481716	130,2946436	60,9786663	87,9958561	193,8204999	66,80086869	82,23859362	170,9170663	47,62525634	100,2865258	0	85,807994	113,0514019	89,21386577	187,9047413	56,20990891	85,09855269	104,4600718	194,5152519	69,40914075	101,6810853	47,12944771	101,7118552	166,084648	132,668364	134,7515911	143,4736083	105,5994432	124,9355393
79,89328531	10,72682316	63,80374419	26,15886058	127,2259709	127,3296005	23,53571681	3,56940038	85,10907232	35,54090015	139,5166406	85,807994	0	27,24340788	3,56296632	102,0967473	30,92761798	39,15387938	143,6901865	128,0243524	5,69228101	35,19018586	54,07858851	15,90386116	99,59374851	46,86036994	68,2606916	76,9827089	39,10854375	39,12754525
107,1366932	16,51658472	91,04715206	53,40226846	154,4693787	154,5730083	50,77912469	30,81280826	58,67644035	62,78430803	166,7600485	113,0514019	27,24340788	0	30,8063742	75,66411529	58,17102586	66,39728726	170,9335944	155,2677603	32,93568889	62,43359374	81,32199639	13,5028646	126,8371564	19,61696206	95,50409948	104,2261168	66,35195163	12,69491328
83,29915707	14,28978948	67,20961595	10,55978912	130,6318426	130,7354722	26,94158857	6,97527214	88,67203864	38,94677191	142,9225124	89,21386577	3,56296632	30,8063742	0	105,6597136	15,32854652	42,55975115	147,0960583	131,4302242	2,12931468	38,59605763	57,48446028	19,46682749	102,9996203	50,42333627	71,66656337	80,38858066	42,51441552	42,69051157
181,9900326	91,36992409	165,9004914	128,2556078	229,3227181	229,4263477	125,6324641	105,6661476	87,13232506	137,6376474	241,6133879	187,9047413	102,0967473	75,66411529	105,6597136	0	133,0243652	141,2506266	245,7869338	230,1210997	107,7890283	137,2869331	156,1753358	88,35620398	201,6904958	95,28107735	170,3574389	179,0794562	141,205291	62,969202
50,29520021	41,65444114	75,4142676	4,7687574	97,62788576	138,9401239	11,92049266	27,3582176	116,0366903	5,94281505	109,9185555	56,20990891	30,92761798	58,17102586	15,32854652	133,0243652	0	30,21817666	114,0921014	139,6348759	13,19923184	46,80070928	24,48050342	46,83147914	111,2042719	77,78798792	79,87121502	88,59323232	50,71906717	70,05516323
79,18384399	49,88070254	60,25206959	25,44941926	126,5165296	123,7779259	19,21266745	35,584479	124,2629517	34,83145883	138,8071993	85,09855269	39,15387938	66,39728726	42,55975115	141,2506266	30,21817666	0	142,9807452	124,4726778	31,05503933	55,02697068	53,3691472	55,05774054	96,04207391	86,01424932	64,709017	73,4310343	35,55686915	78,28142463
63,7969012	154,4170097	188,1768361	118,8608588	19,16663329	210,4801181	124,6830612	140,1207861	228,7992588	104,350808	46,11074499	104,4600718	143,6901865	170,9335944	147,0960583	245,7869338	114,0921014	142,9807452	0	211,1748701	127,2913333	159,5632778	89,61159799	159,5940477	186,8085892	190,5505565	192,6337836	201,3558009	163,4816357	182,8177318
188,6005432	138,7511756	64,22060824	134,8661185	235,9332287	22,86245531	132,2429747	124,4549521	213,1334247	144,248158	248,2238985	194,5152519	128,0243524	155,2677603	131,4302242	230,1210997	139,6348759	124,4726778	211,1748701	0	133,5595389	122,603874	162,7858464	143,9282136	28,43060392	174,8847224	102,497208	62,83737246	93,56107612	167,1518977
63,49443205	16,41910417	69,33893064	8,43047444	110,8271176	132,8647869	12,75735533	9,10458683	90,80135332	19,14204689	123,1177873	69,40914075	5,69228101	32,93568889	2,12931468	107,7890283	13,19923184	31,05503933	127,2913333	133,5595389	0	40,72537231	37,67973526	21,59614217	105,128935	52,55265095	73,79587805	82,51789535	44,6437302	44,81982626
95,76637661	45,91700902	58,38326577	42,03195188	143,0990622	121,909122	39,40880811	31,62078548	120,2992582	51,41399145	155,3897319	101,6810853	35,19018586	62,43359374	38,59605763	137,2869331	46,80070928	55,02697068	159,5632778	122,603874	40,72537231	0	69,95167982	51,09404703	94,17327009	58,58117255	53,06014384	71,56223048	33,68806534	74,31773111
25,81469679	64,80541167	98,56523814	29,24926082	73,14738235	162,0910944	35,0714632	50,50918814	139,1876608	14,73921005	85,43805208	47,12944771	54,07858851	81,32199639	57,48446028	156,1753358	24,48050342	53,3691472	89,61159799	162,7858464	37,67973526	69,95167982	0	69,98244968	134,3552425	100,9389585	103,0221856	111,7442029	73,87003771	93,20613376
95,79714647	5,177038	79,70760535	42,06272174	143,129832	143,2334616	39,43957797	19,47326154	71,36852904	51,44476131	155,4205018	101,7118552	15,90386116	13,5028646	19,46682749	88,35620398	46,83147914	55,05774054	159,5940477	143,9282136	21,59614217	51,09404703	69,98244968	0	115,4976097	33,11982667	84,16455277	92,88657006	55,01240492	25,38700197
160,1699393	110,3205717	35,79000432	106,4355145	207,5026248	27,73585194	103,8123708	96,02434813	184,7028208	115,8175541	219,7932946	166,084648	99,59374851	126,8371564	102,9996203	201,6904958	111,2042719	96,04207391	186,8085892	28,43060392	105,128935	94,17327009	134,3552425	115,4976097	0	146,4541185	74,06660412	34,40676855	65,1304722	138,7212938
126,7536553	36,13354678	110,6641141	73,01923052	174,0863408	174,1899704	70,39608675	50,42977032	78,29340241	82,40127009	186,3770105	132,668364	46,86036994	19,61696206	50,42333627	95,28107735	77,78798792	86,01424932	190,5505565	174,8847224	52,55265095	58,58117255	100,9389585	33,11982667	146,4541185	0	72,06632844	123,8430788	85,9689137	32,31187535
128,8368824	78,98751476	58,49261573	75,10245762	176,1695679	101,8024561	72,47931385	64,69129122	153,3697639	84,48449719	188,4602376	134,7515911	68,2606916	95,50409948	71,66656337	170,3574389	79,87121502	64,709017	192,6337836	102,497208	73,79587805	53,06014384	103,0221856	84,16455277	74,06660412	72,06632844	0	39,65983558	29,15214785	107,3882369
137,5588997	87,70953206	18,10939632	83,82447492	184,8915852	62,14262049	81,20133115	73,41330852	162,0917812	93,20651448	197,1822549	143,4736083	76,9827089	104,2261168	80,38858066	179,0794562	88,59323232	73,4310343	201,3558009	62,83737246	82,51789535	71,56223048	111,7442029	92,88657006	34,40676855	123,8430788	39,65983558	0	37,87416514	116,1102542
99,6847345	49,83536692	29,34046788	45,95030978	147,0174201	92,86632415	43,32716601	35,53914338	124,2176161	55,33234934	159,3080898	105,5994432	39,10854375	66,35195163	42,51441552	141,205291	50,71906717	35,55686915	163,4816357	93,56107612	44,6437302	33,68806534	73,87003771	55,01240492	65,1304722	85,9689137	29,15214785	37,87416514	0	78,236089
119,0208306	28,40072209	102,9312894	65,28640583	166,3535161	166,4571457	62,66326206	42,69694563	45,98152707	74,6684454	178,6441859	124,9355393	39,12754525	12,69491328	42,69051157	62,969202	70,05516323	78,28142463	182,8177318	167,1518977	44,81982626	74,31773111	93,20613376	25,38700197	138,7212938	32,31187535	107,3882369	116,1102542	78,236089	0
