31,80,46,38,51,33
63,21,44,46,27
32,42,26,43,64,20,15
65,76,36,25,49,13
66,60,55,19
42,68,40,71,18,14,26,03
33,70,42,32,15,48
53,25,75
48,20,45,35
35,45,43,16,17
43,26,14,54,16
21,49,25,24,62,23
56,65,04,49,72
26,06,18,67,81,54,11
48,07,32,03,20
10,43,11,54,41,77
10,59,22
06,71,19,37,67,14,78
66,05,55,57,37,18,71
48,15,03,64,45,09
63,47,72,49,12,23,44,02
17,59,71
21,12,62,24,44
23,62,12,25,69,29,28,58,44
12,49,04,36,75,08,53,61,69,24
03,42,06,14,11,43
79,63,02,46,80,31
29,61,24,58,52
24,69,61,28
65,73
79,27,80,01
07,42,03,15
01,51,42,70,07
41,59,39
09,45,10
04,76,75,25
19,57,18,74,78
01,46,58,66,50,51
22,59,34
50,66,71,06,68
77,34,16,11,54
07,70,33,51,68,06,26,03,32
45,64,03,26,11,16,10
46,02,21,23,24,58
35,09,20,64,43,10
27,02,44,58,38,01,80
63,21,72,56,73
07,15,20,09
21,72,13,04,25,12
51,38,66,40,68
50,38,01,33,42,68
55,60,58,28
08,25,69,61
81,14,11,16,41
52,60,05,19,57
72,73,65,13
37,19,55
66,38,46,44,24,28,52,60
22,39,34
05,66,58,52,55
53,69,29,28
23,12,24
27,02,21,47
45,20,03,43
30,73,56,13,04
38,58,60,05,19,71,40,50
74,18,14,81,78
51,50,40,06,42
24,25,53,61,29
33,42,07
40,66,19,18,06
47,56,13,49,21
47,56,65,30
37,67,78
36,25,08
04,36
41,16
67,74,37,18
27,31
27,46,01,31
67,14,54